metin_farm_bot/classifier/positive_2023_7_3_01/1678275488.jpg 1 372 111 47 50
metin_farm_bot/classifier/positive_2023_7_3_01/1678275492.jpg 4 325 121 31 32 992 60 26 38 722 90 36 40 481 258 68 100
metin_farm_bot/classifier/positive_2023_7_3_01/1678275495.jpg 3 600 203 27 42 858 115 22 34 1096 217 50 60
metin_farm_bot/classifier/positive_2023_7_3_01/1678275499.jpg 5 110 193 29 39 304 166 45 54 636 122 27 36 1257 196 57 58 911 450 95 99
metin_farm_bot/classifier/positive_2023_7_3_01/1678275503.jpg 6 61 208 41 46 568 318 56 68 458 245 42 52 624 151 47 51 1213 246 65 70 1015 183 32 39
metin_farm_bot/classifier/positive_2023_7_3_01/1678275506.jpg 4 102 320 49 62 829 135 45 54 397 105 34 34 977 339 92 90
metin_farm_bot/classifier/positive_2023_7_3_01/1678275512.jpg 3 420 166 35 35 526 271 55 67 866 179 31 39
metin_farm_bot/classifier/positive_2023_7_3_01/1678275516.jpg 2 840 174 45 51 856 100 35 41
metin_farm_bot/classifier/positive_2023_7_3_01/1678275521.jpg 7 117 141 60 75 100 120 48 50 166 96 37 48 574 64 31 34 660 77 39 44 1116 106 44 53 1251 77 30 41
metin_farm_bot/classifier/positive_2023_7_3_01/1678275525.jpg 6 364 292 78 85 599 203 32 45 591 144 25 39 863 124 33 38 1188 144 37 45 1331 198 52 61
metin_farm_bot/classifier/positive_2023_7_3_01/1678275530.jpg 6 215 336 77 103 114 157 46 47 423 111 33 45 690 103 28 38 699 146 46 53 911 314 58 67
metin_farm_bot/classifier/positive_2023_7_3_01/1678275535.jpg 5 66 231 54 56 169 148 36 48 772 280 45 60 951 160 46 57 1325 240 48 65
metin_farm_bot/classifier/positive_2023_7_3_01/1678275540.jpg 7 693 214 55 70 959 163 42 57 886 108 42 49 988 499 117 146 1336 143 53 53 1339 120 39 44 1249 124 41 45
metin_farm_bot/classifier/positive_2023_7_3_01/1678275547.jpg 2 726 94 40 55 321 88 37 41
metin_farm_bot/classifier/positive_2023_7_3_01/1678275550.jpg 2 65 184 68 71 1297 133 33 46
metin_farm_bot/classifier/positive_2023_7_3_01/1678275552.jpg 1 497 156 58 65
metin_farm_bot/classifier/positive_2023_7_3_01/1678275563.jpg 2 975 167 62 69 1185 55 41 44
metin_farm_bot/classifier/positive_2023_7_3_01/1678275567.jpg 2 239 98 43 61 1324 115 39 63
metin_farm_bot/classifier/positive_2023_7_3_01/1678275574.jpg 1 745 192 47 57
metin_farm_bot/classifier/positive_2023_7_3_01/1678275582.jpg 1 633 67 33 42
metin_farm_bot/classifier/positive_2023_7_3_01/1678275598.jpg 1 739 124 35 52
metin_farm_bot/classifier/positive_2023_7_3_01/1678275603.jpg 4 367 98 32 39 391 124 22 38 679 114 28 33 1039 131 26 35
metin_farm_bot/classifier/positive_2023_7_3_01/1678275609.jpg 1 779 286 31 40
metin_farm_bot/classifier/positive_2023_7_3_01/1678275638.jpg 1 500 353 110 129
metin_farm_bot/classifier/positive_2023_7_3_01/1678275645.jpg 1 624 189 66 67
metin_farm_bot/classifier/positive_2023_7_3_01/1678275654.jpg 1 975 208 48 60
metin_farm_bot/classifier/positive_2023_7_3_01/1678275677.jpg 1 525 272 60 72
metin_farm_bot/classifier/positive_2023_7_3_01/1678275686.jpg 1 693 140 42 50
metin_farm_bot/classifier/positive_2023_7_3_01/1678275703.jpg 4 396 400 98 112 776 140 38 47 952 155 43 53 1120 95 29 33
metin_farm_bot/classifier/positive_2023_7_3_01/1678275707.jpg 4 147 54 52 57 613 63 27 48 1055 72 34 52 961 320 81 94
metin_farm_bot/classifier/positive_2023_7_3_01/1678275710.jpg 4 354 198 45 65 267 92 40 40 808 67 37 51 1180 88 58 58
metin_farm_bot/classifier/positive_2023_7_3_01/1678275712.jpg 3 48 256 52 72 902 214 53 74 1142 95 32 46
metin_farm_bot/classifier/positive_2023_7_3_01/1678275716.jpg 3 793 328 77 110 676 123 32 48 1053 107 41 47
metin_farm_bot/classifier/positive_2023_7_3_01/1678275720.jpg 2 568 155 43 54 1207 234 42 56
metin_farm_bot/classifier/positive_2023_7_3_01/1678275725.jpg 1 847 237 47 57
metin_farm_bot/classifier/positive_2023_7_3_01/1678275730.jpg 1 826 163 40 51
metin_farm_bot/classifier/positive_2023_7_3_01/1678275739.jpg 1 475 98 30 42
metin_farm_bot/classifier/positive_2023_7_3_01/1678275762.jpg 1 640 94 36 54
metin_farm_bot/classifier/positive_2023_7_3_01/1678275767.jpg 4 409 289 72 79 339 183 28 39 625 159 31 42 977 203 42 58
metin_farm_bot/classifier/positive_2023_7_3_01/1678275770.jpg 3 557 211 33 55 942 188 37 54 1273 170 37 40
metin_farm_bot/classifier/positive_2023_7_3_01/1678275775.jpg 3 406 332 68 81 116 228 37 53 523 243 40 55
metin_farm_bot/classifier/positive_2023_7_3_01/1678275779.jpg 1 301 299 51 56
metin_farm_bot/classifier/positive_2023_7_3_01/1678275781.jpg 3 400 364 65 98 607 223 44 53 1113 276 30 43
metin_farm_bot/classifier/positive_2023_7_3_01/1678275786.jpg 3 1056 246 62 72 1015 154 45 57 397 81 41 43
metin_farm_bot/classifier/positive_2023_7_3_01/1678275790.jpg 5 36 125 46 56 176 119 31 42 642 110 43 44 957 136 48 57 1253 123 33 37
metin_farm_bot/classifier/positive_2023_7_3_01/1678275794.jpg 5 358 214 44 53 535 177 36 38 826 167 26 39 1043 180 44 51 1086 242 41 52
metin_farm_bot/classifier/positive_2023_7_3_01/1678275798.jpg 9 39 407 64 117 35 200 43 61 444 181 39 45 428 153 40 32 793 159 33 43 944 133 35 40 1024 219 52 64 1132 167 35 39 912 570 105 117
metin_farm_bot/classifier/positive_2023_7_3_01/1678275801.jpg 6 133 226 45 54 363 162 29 49 410 421 128 146 596 152 37 39 825 138 39 46 1306 147 40 57
metin_farm_bot/classifier/positive_2023_7_3_01/1678275806.jpg 3 36 324 84 91 145 278 46 64 816 266 60 80
metin_farm_bot/classifier/positive_2023_7_3_01/1678275822.jpg 1 388 271 43 57
metin_farm_bot/classifier/positive_2023_7_3_01/1678275828.jpg 1 380 163 45 58
metin_farm_bot/classifier/positive_2023_7_3_01/1678275840.jpg 1 603 133 32 47
metin_farm_bot/classifier/positive_2023_7_3_01/1678275860.jpg 2 840 160 49 53 1156 202 49 66
metin_farm_bot/classifier/positive_2023_7_3_01/1678275865.jpg 4 462 559 131 133 749 131 48 71 908 49 43 45 235 73 46 47
metin_farm_bot/classifier/positive_2023_7_3_01/1678275867.jpg 5 367 305 83 112 281 107 51 75 704 104 35 51 1101 135 50 60 1360 104 45 56
metin_farm_bot/classifier/positive_2023_7_3_01/1678275869.jpg 6 87 68 60 55 397 176 44 58 522 120 35 52 834 135 29 49 1215 289 46 76 1260 182 44 55
metin_farm_bot/classifier/positive_2023_7_3_01/1678275873.jpg 5 308 184 34 50 561 270 56 70 777 173 32 44 1100 92 30 41 1144 308 49 78
metin_farm_bot/classifier/positive_2023_7_3_01/1678275883.jpg 1 45 305 68 79
metin_farm_bot/classifier/positive_2023_7_3_01/1678275892.jpg 1 981 162 47 55
metin_farm_bot/classifier/positive_2023_7_3_01/1678275898.jpg 1 977 185 39 60
metin_farm_bot/classifier/positive_2023_7_3_01/1678275929.jpg 1 675 257 57 59
metin_farm_bot/classifier/positive_2023_7_3_01/1678275937.jpg 1 732 212 37 40
metin_farm_bot/classifier/positive_2023_7_3_01/1678275942.jpg 1 613 141 35 41
metin_farm_bot/classifier/positive_2023_7_3_01/1678275961.jpg 1 617 258 48 61
metin_farm_bot/classifier/positive_2023_7_3_01/1678275969.jpg 1 682 216 31 46
metin_farm_bot/classifier/positive_2023_7_3_01/1678275982.jpg 1 608 270 43 53
metin_farm_bot/classifier/positive_2023_7_3_01/1678275999.jpg 1 801 175 34 51
metin_farm_bot/classifier/positive_2023_7_3_01/1678276016.jpg 1 290 89 58 52
metin_farm_bot/classifier/positive_2023_7_3_01/1678276026.jpg 1 617 47 41 50
metin_farm_bot/classifier/positive_2023_7_3_01/1678276045.jpg 1 309 136 42 42
metin_farm_bot/classifier/positive_2023_7_3_01/1678276053.jpg 1 1432 469 71 109
metin_farm_bot/classifier/positive_2023_7_3_01/1678276077.jpg 1 661 173 67 78
metin_farm_bot/classifier/positive_2023_7_3_01/1678276086.jpg 1 592 153 45 56
metin_farm_bot/classifier/positive_2023_7_3_01/1678276092.jpg 1 368 232 40 55
metin_farm_bot/classifier/positive_2023_7_3_01/1678276099.jpg 1 870 195 34 42
metin_farm_bot/classifier/positive_2023_7_3_01/1678276107.jpg 1 842 278 77 91
metin_farm_bot/classifier/positive_2023_7_3_01/1678276118.jpg 1 802 183 61 63
metin_farm_bot/classifier/positive_2023_7_3_01/1678276129.jpg 1 628 110 41 53
metin_farm_bot/classifier/positive_2023_7_3_01/1678276133.jpg 1 979 409 91 138
metin_farm_bot/classifier/positive_2023_7_3_01/1678276139.jpg 1 871 110 26 38
metin_farm_bot/classifier/positive_2023_7_3_01/1678276164.jpg 1 400 108 30 48
metin_farm_bot/classifier/positive_2023_7_3_01/1678276175.jpg 1 556 95 33 41
metin_farm_bot/classifier/positive_2023_7_3_01/1678276178.jpg 1 377 190 66 72
metin_farm_bot/classifier/positive_2023_7_3_01/1678276184.jpg 1 618 278 76 102
metin_farm_bot/classifier/positive_2023_7_3_01/1678276187.jpg 1 804 79 31 40
metin_farm_bot/classifier/positive_2023_7_3_01/1678276192.jpg 1 638 129 42 68
metin_farm_bot/classifier/positive_2023_7_3_01/1678276195.jpg 3 392 356 59 69 223 214 38 50 560 168 34 42
metin_farm_bot/classifier/positive_2023_7_3_01/1678276199.jpg 2 461 187 54 61 968 156 30 47
metin_farm_bot/classifier/positive_2023_7_3_01/1678276217.jpg 1 776 187 32 46
metin_farm_bot/classifier/positive_2023_7_3_01/1678276220.jpg 1 945 555 141 194
metin_farm_bot/classifier/positive_2023_7_3_01/1678276223.jpg 2 891 62 41 49 658 83 29 38
metin_farm_bot/classifier/positive_2023_7_3_01/1678276225.jpg 3 589 176 36 52 230 328 79 99 25 102 49 57
metin_farm_bot/classifier/positive_2023_7_3_01/1678276228.jpg 3 585 183 63 73 331 136 40 52 1102 189 38 49
metin_farm_bot/classifier/positive_2023_7_3_01/1678276231.jpg 6 521 188 48 54 318 171 38 48 847 538 129 192 1247 206 45 57 1084 155 32 42 752 148 29 34
metin_farm_bot/classifier/positive_2023_7_3_01/1678276233.jpg 6 58 339 56 82 171 232 40 50 541 195 35 44 905 203 34 61 1083 280 52 70 1244 158 35 46
metin_farm_bot/classifier/positive_2023_7_3_01/1678276236.jpg 8 513 268 55 75 259 155 29 40 496 171 31 42 781 155 39 52 994 368 82 101 1087 150 34 44 1259 200 55 63 1457 168 33 50
metin_farm_bot/classifier/positive_2023_7_3_01/1678276238.jpg 7 174 183 34 46 244 231 51 62 652 184 32 47 769 146 30 34 991 177 28 40 1008 244 59 83 1159 153 35 38
metin_farm_bot/classifier/positive_2023_7_3_01/1678276240.jpg 7 148 268 59 70 491 306 79 78 398 181 38 45 554 153 27 38 813 162 38 40 1199 286 62 84 1103 161 38 49
metin_farm_bot/classifier/positive_2023_7_3_01/1678276244.jpg 4 174 207 33 53 581 217 49 47 321 358 70 90 1035 213 62 65
metin_farm_bot/classifier/positive_2023_7_3_01/1678276247.jpg 3 398 165 29 45 868 432 100 113 1308 134 43 46
metin_farm_bot/classifier/positive_2023_7_3_01/1678276250.jpg 1 1071 267 41 62
metin_farm_bot/classifier/positive_2023_7_3_01/1678276252.jpg 2 197 151 33 43 1063 387 74 105
metin_farm_bot/classifier/positive_2023_7_3_01/1678276255.jpg 1 897 141 45 59
metin_farm_bot/classifier/positive_2023_7_3_01/1678276258.jpg 2 811 147 39 43 1463 363 44 108
metin_farm_bot/classifier/positive_2023_7_3_01/1678276284.jpg 1 754 205 43 56
metin_farm_bot/classifier/positive_2023_7_3_01/1678276287.jpg 3 60 413 103 107 336 131 33 51 1161 157 41 49
metin_farm_bot/classifier/positive_2023_7_3_01/1678276289.jpg 1 607 208 37 54
metin_farm_bot/classifier/positive_2023_7_3_01/1678276292.jpg 2 453 275 63 85 541 142 21 42
metin_farm_bot/classifier/positive_2023_7_3_01/1678276306.jpg 2 335 156 37 40 661 309 38 63
metin_farm_bot/classifier/positive_2023_7_3_01/1678276308.jpg 2 986 413 76 96 979 135 39 44
metin_farm_bot/classifier/positive_2023_7_3_01/1678276320.jpg 2 356 190 29 41 571 194 28 38
metin_farm_bot/classifier/positive_2023_7_3_01/1678276322.jpg 3 163 201 49 58 1429 177 44 61 594 146 30 43
metin_farm_bot/classifier/positive_2023_7_3_01/1678276327.jpg 5 388 302 68 89 275 212 40 59 363 163 26 54 1102 239 45 70 1165 210 44 51
metin_farm_bot/classifier/positive_2023_7_3_01/1678276330.jpg 7 176 542 132 158 744 243 69 76 483 179 52 53 590 142 40 43 804 146 40 43 1032 187 46 56 1469 224 33 52
metin_farm_bot/classifier/positive_2023_7_3_01/1678276334.jpg 5 791 303 49 74 469 207 29 43 705 175 25 34 1043 257 41 54 1106 205 34 43
metin_farm_bot/classifier/positive_2023_7_3_01/1678276338.jpg 5 400 266 42 67 395 147 43 52 95 224 50 57 866 213 45 52 1146 119 31 41
metin_farm_bot/classifier/positive_2023_7_3_01/1678276343.jpg 6 436 116 22 35 440 423 67 91 892 127 33 53 969 97 25 42 1258 157 39 54 1343 156 54 68
metin_farm_bot/classifier/positive_2023_7_3_01/1678276347.jpg 4 311 206 33 39 626 196 37 47 1063 381 85 121 1319 127 40 45
metin_farm_bot/classifier/positive_2023_7_3_01/1678276351.jpg 4 168 280 36 41 680 189 31 40 1112 202 40 40 1188 243 73 73
metin_farm_bot/classifier/positive_2023_7_3_01/1678276353.jpg 5 239 311 63 62 226 218 36 45 566 173 34 42 850 245 47 56 1467 147 41 61
metin_farm_bot/classifier/positive_2023_7_3_01/1678276372.jpg 2 455 64 28 50 1041 346 82 98
metin_farm_bot/classifier/positive_2023_7_3_01/1678276378.jpg 1 633 219 49 50
metin_farm_bot/classifier/positive_2023_7_3_01/1678276381.jpg 2 308 204 32 50 548 153 37 38
metin_farm_bot/classifier/positive_2023_7_3_01/1678276383.jpg 3 271 247 42 45 899 207 58 67 1461 163 40 52
metin_farm_bot/classifier/positive_2023_7_3_01/1678276390.jpg 1 143 206 35 44
metin_farm_bot/classifier/positive_2023_7_3_01/1678276399.jpg 1 663 181 46 48
metin_farm_bot/classifier/positive_2023_7_3_01/1678276409.jpg 1 997 160 37 37
metin_farm_bot/classifier/positive_2023_7_3_01/1678276414.jpg 1 747 243 41 40
metin_farm_bot/classifier/positive_2023_7_3_01/1678276419.jpg 1 1070 348 91 105
metin_farm_bot/classifier/positive_2023_7_3_01/1678276423.jpg 1 751 189 41 47
metin_farm_bot/classifier/positive_2023_7_3_01/1678276437.jpg 1 564 241 31 36
metin_farm_bot/classifier/positive_2023_7_3_01/1678276451.jpg 1 1000 142 39 44
metin_farm_bot/classifier/positive_2023_7_3_01/1678276457.jpg 1 1044 224 38 49
metin_farm_bot/classifier/positive_2023_7_3_01/1678276465.jpg 1 468 304 46 53
metin_farm_bot/classifier/positive_2023_7_3_01/1678276485.jpg 1 21 96 46 54
metin_farm_bot/classifier/positive_2023_7_3_01/1678276502.jpg 1 418 193 35 49
metin_farm_bot/classifier/positive_2023_7_3_01/1678276512.jpg 3 924 167 42 61 222 37 34 49 353 500 87 160
metin_farm_bot/classifier/positive_2023_7_3_01/1678276516.jpg 5 714 116 51 66 29 554 67 115 110 109 40 42 515 58 26 43 1335 76 59 69
metin_farm_bot/classifier/positive_2023_7_3_01/1678276519.jpg 4 255 92 39 42 429 96 41 45 1120 28 40 44 314 431 92 108
metin_farm_bot/classifier/positive_2023_7_3_01/1678276522.jpg 3 420 75 38 38 543 110 49 57 893 88 40 45
metin_farm_bot/classifier/positive_2023_7_3_01/1678276525.jpg 6 440 126 36 34 588 174 28 45 812 107 23 29 565 388 88 86 47 137 41 40 1251 285 58 70
metin_farm_bot/classifier/positive_2023_7_3_01/1678276527.jpg 6 77 194 56 62 255 210 54 67 211 127 29 32 635 122 35 42 1053 153 46 46 1058 288 60 82
metin_farm_bot/classifier/positive_2023_7_3_01/1678276530.jpg 7 500 269 67 65 462 134 47 43 690 126 20 29 360 164 32 40 1290 197 60 68 1045 149 41 40 1117 145 27 35
metin_farm_bot/classifier/positive_2023_7_3_01/1678276534.jpg 4 653 113 43 43 896 247 55 75 1157 235 64 62 1186 148 32 41
metin_farm_bot/classifier/positive_2023_7_3_01/1678276538.jpg 5 125 304 90 95 284 132 40 53 716 143 46 51 900 71 27 36 1128 257 78 86
metin_farm_bot/classifier/positive_2023_7_3_01/1678276549.jpg 1 753 118 43 45
metin_farm_bot/classifier/positive_2023_7_3_01/1678276551.jpg 1 379 144 48 62
metin_farm_bot/classifier/positive_2023_7_3_01/1678276555.jpg 1 766 56 31 40
metin_farm_bot/classifier/positive_2023_7_3_01/1678276559.jpg 1 717 71 39 49
metin_farm_bot/classifier/positive_2023_7_3_01/1678276570.jpg 2 1071 61 48 52 98 118 45 59
metin_farm_bot/classifier/positive_2023_7_3_01/1678276572.jpg 1 261 202 55 61
metin_farm_bot/classifier/positive_2023_7_3_01/1678276578.jpg 1 297 95 43 58
metin_farm_bot/classifier/positive_2023_7_3_01/1678276582.jpg 1 292 136 35 39
metin_farm_bot/classifier/positive_2023_7_3_01/1678276586.jpg 2 605 142 41 56 1122 70 29 39
metin_farm_bot/classifier/positive_2023_7_3_01/1678276590.jpg 2 211 126 36 40 794 188 44 55
metin_farm_bot/classifier/positive_2023_7_3_01/1678276595.jpg 1 545 101 38 38
metin_farm_bot/classifier/positive_2023_7_3_01/1678276606.jpg 1 172 86 44 45
metin_farm_bot/classifier/positive_2023_7_3_01/1678276611.jpg 2 246 70 45 43 683 109 53 62
metin_farm_bot/classifier/positive_2023_7_3_01/1678276614.jpg 6 471 115 47 47 443 83 37 36 680 82 29 34 890 114 33 40 897 293 74 102 108 108 34 44
metin_farm_bot/classifier/positive_2023_7_3_01/1678276616.jpg 6 361 155 26 42 393 209 40 51 557 128 42 41 779 96 31 36 1067 173 40 48 1135 157 41 39
metin_farm_bot/classifier/positive_2023_7_3_01/1678276621.jpg 6 187 238 54 65 148 113 42 48 661 97 31 37 906 77 32 39 1082 123 33 53 643 175 57 53
metin_farm_bot/classifier/positive_2023_7_3_01/1678276623.jpg 7 185 390 85 87 284 55 34 37 373 58 35 37 312 87 37 38 697 144 41 44 752 98 36 39 1418 196 60 68
metin_farm_bot/classifier/positive_2023_7_3_01/1678276626.jpg 6 341 86 34 46 669 135 48 58 780 76 30 35 863 83 31 45 1124 311 71 88 1356 183 61 63
metin_farm_bot/classifier/positive_2023_7_3_01/1678276629.jpg 6 209 101 44 40 324 513 119 163 631 197 45 57 473 169 47 56 654 66 37 34 1149 132 39 44
metin_farm_bot/classifier/positive_2023_7_3_01/1678276632.jpg 2 592 158 40 59 1101 292 54 72
metin_farm_bot/classifier/positive_2023_7_3_01/1678276634.jpg 4 135 40 43 50 497 10 26 40 766 45 45 53 1182 450 106 137
metin_farm_bot/classifier/positive_2023_7_3_01/1678276637.jpg 4 306 161 61 55 162 115 40 38 761 65 36 44 1204 37 34 55
metin_farm_bot/classifier/positive_2023_7_3_01/1678276640.jpg 2 266 148 53 50 589 239 75 74
metin_farm_bot/classifier/positive_2023_7_3_01/1678276642.jpg 5 176 123 40 45 831 194 35 44 992 101 34 32 689 117 26 31 1357 280 82 104
metin_farm_bot/classifier/positive_2023_7_3_01/1678276646.jpg 3 120 23 37 46 901 62 40 49 1288 142 46 56
metin_farm_bot/classifier/positive_2023_7_3_01/1678276649.jpg 3 621 58 44 46 516 5 23 30 930 264 82 93
metin_farm_bot/classifier/positive_2023_7_3_01/1678276652.jpg 3 344 489 115 125 614 59 37 46 1210 70 37 46
metin_farm_bot/classifier/positive_2023_7_3_01/1678276655.jpg 2 544 121 50 67 1202 196 38 53
metin_farm_bot/classifier/positive_2023_7_3_01/1678276659.jpg 2 387 128 37 53 1322 412 68 77
metin_farm_bot/classifier/positive_2023_7_3_01/1678276662.jpg 1 856 227 45 58
metin_farm_bot/classifier/positive_2023_7_3_01/1678276664.jpg 2 372 139 18 38 1300 506 98 105
metin_farm_bot/classifier/positive_2023_7_3_01/1678276667.jpg 1 775 136 41 50
metin_farm_bot/classifier/positive_2023_7_3_01/1678276670.jpg 2 156 281 80 97 659 30 38 45
metin_farm_bot/classifier/positive_2023_7_3_01/1678276698.jpg 1 1047 176 54 53
metin_farm_bot/classifier/positive_2023_7_3_01/1678276710.jpg 1 843 113 42 39
metin_farm_bot/classifier/positive_2023_7_3_01/1678276715.jpg 2 168 266 44 45 917 229 41 50
metin_farm_bot/classifier/positive_2023_7_3_01/1678276717.jpg 3 215 356 45 61 147 183 42 40 861 93 40 42
metin_farm_bot/classifier/positive_2023_7_3_01/1678276721.jpg 4 260 273 61 54 500 210 33 37 885 118 32 36 1138 74 32 33
metin_farm_bot/classifier/positive_2023_7_3_01/1678276724.jpg 3 278 409 63 68 706 169 30 45 939 210 44 54
metin_farm_bot/classifier/positive_2023_7_3_01/1678276728.jpg 5 350 96 41 43 413 527 141 168 946 110 46 57 930 36 33 43 1217 51 38 44
metin_farm_bot/classifier/positive_2023_7_3_01/1678276731.jpg 4 791 164 55 71 696 45 37 42 829 14 38 36 1072 55 44 54
metin_farm_bot/classifier/positive_2023_7_3_01/1678276736.jpg 5 92 145 47 48 462 398 120 101 1317 354 68 94 977 129 37 43 761 120 24 30
metin_farm_bot/classifier/positive_2023_7_3_01/1678276740.jpg 3 295 31 43 46 1193 173 43 62 1301 435 100 150
metin_farm_bot/classifier/positive_2023_7_3_01/1678276743.jpg 4 758 161 68 74 662 95 34 50 106 127 47 52 1182 135 53 53
metin_farm_bot/classifier/positive_2023_7_3_01/1678276745.jpg 7 519 180 45 64 327 180 55 50 302 119 32 37 1227 204 43 64 1067 123 47 49 712 117 35 34 1130 622 129 138
metin_farm_bot/classifier/positive_2023_7_3_01/1678276749.jpg 8 329 226 49 56 75 103 26 36 830 319 62 99 746 145 27 32 1035 115 25 38 1155 470 83 129 1308 118 21 32 1007 160 43 59
metin_farm_bot/classifier/positive_2023_7_3_01/1678276752.jpg 6 498 143 32 63 501 314 70 101 70 196 40 58 831 131 41 47 990 93 33 41 1394 233 55 64
metin_farm_bot/classifier/positive_2023_7_3_01/1678276754.jpg 7 52 310 61 57 225 162 48 55 570 120 31 35 843 135 32 40 868 161 32 38 1213 355 62 87 1437 210 40 59
metin_farm_bot/classifier/positive_2023_7_3_01/1678276759.jpg 4 439 219 51 60 519 92 40 45 1150 351 91 92 1277 92 35 41
metin_farm_bot/classifier/positive_2023_7_3_01/1678276765.jpg 4 61 208 57 67 284 61 26 46 1243 168 46 53 1333 130 46 39
metin_farm_bot/classifier/positive_2023_7_3_01/1678276799.jpg 6 58 165 45 61 535 247 59 74 486 94 34 40 813 220 53 73 863 91 29 39 1261 102 35 37
metin_farm_bot/classifier/positive_2023_7_3_01/1678276802.jpg 6 53 139 38 48 215 123 34 50 513 622 143 137 1217 188 42 57 640 120 30 45 412 178 39 66
metin_farm_bot/classifier/positive_2023_7_3_01/1678276805.jpg 6 390 209 34 48 543 232 53 65 924 359 81 98 831 162 30 55 1366 196 53 65 256 172 42 46
metin_farm_bot/classifier/positive_2023_7_3_01/1678276809.jpg 7 164 153 31 45 351 151 38 51 582 214 66 74 783 156 32 36 1226 255 65 74 1379 110 32 48 1309 83 31 34
