metin_farm_bot/classifier/positive_2023_19_3_01/1679228523.jpg 5 125 284 50 48 464 249 57 57 499 110 31 38 757 131 35 39 1148 219 48 55
metin_farm_bot/classifier/positive_2023_19_3_01/1679228526.jpg 3 97 522 107 112 402 140 40 47 751 176 50 50
metin_farm_bot/classifier/positive_2023_19_3_01/1679228528.jpg 3 284 231 47 56 36 240 38 37 745 307 60 71
metin_farm_bot/classifier/positive_2023_19_3_01/1679228532.jpg 4 432 229 30 42 304 299 36 37 672 286 53 74 760 604 100 134
metin_farm_bot/classifier/positive_2023_19_3_01/1679228534.jpg 6 307 288 42 51 87 409 43 50 185 200 32 33 749 334 41 52 677 253 28 37 571 535 98 128
metin_farm_bot/classifier/positive_2023_19_3_01/1679228543.jpg 6 521 202 30 43 768 186 41 45 776 133 27 32 986 134 27 31 950 303 51 62 1383 280 43 41
metin_farm_bot/classifier/positive_2023_19_3_01/1679228547.jpg 5 740 286 32 36 730 256 23 30 963 251 29 35 1022 391 48 68 1480 370 43 62
metin_farm_bot/classifier/positive_2023_19_3_01/1679228553.jpg 5 422 175 24 34 551 173 23 34 719 228 41 48 1171 237 54 63 656 653 89 132
metin_farm_bot/classifier/positive_2023_19_3_01/1679228558.jpg 2 318 298 54 68 921 350 67 81
metin_farm_bot/classifier/positive_2023_19_3_01/1679228585.jpg 1 1139 248 29 37
metin_farm_bot/classifier/positive_2023_19_3_01/1679228621.jpg 1 881 211 36 38
metin_farm_bot/classifier/positive_2023_19_3_01/1679228626.jpg 1 851 304 48 55
metin_farm_bot/classifier/positive_2023_19_3_01/1679228628.jpg 1 869 267 46 46
metin_farm_bot/classifier/positive_2023_19_3_01/1679228635.jpg 1 816 516 101 137
metin_farm_bot/classifier/positive_2023_19_3_01/1679228640.jpg 3 862 96 29 40 1109 100 26 35 465 75 28 29
metin_farm_bot/classifier/positive_2023_19_3_01/1679228643.jpg 3 622 162 43 56 812 123 27 32 869 141 32 38
metin_farm_bot/classifier/positive_2023_19_3_01/1679228645.jpg 7 813 311 56 63 1009 139 46 48 1093 81 38 43 1101 197 42 51 353 199 52 62 553 71 39 47 36 128 32 38
metin_farm_bot/classifier/positive_2023_19_3_01/1679228647.jpg 5 682 314 36 40 1160 475 71 90 1294 352 55 64 1048 298 27 36 1480 398 47 68
metin_farm_bot/classifier/positive_2023_19_3_01/1679228649.jpg 6 611 287 50 62 915 475 117 134 1054 264 27 25 912 260 35 42 1486 326 41 60 1275 290 35 35
metin_farm_bot/classifier/positive_2023_19_3_01/1679228652.jpg 7 379 319 52 53 372 239 38 40 232 233 38 37 805 275 32 37 842 303 29 36 1087 415 63 65 1137 310 38 36
metin_farm_bot/classifier/positive_2023_19_3_01/1679228657.jpg 6 732 473 69 85 854 166 45 45 1053 69 21 30 678 160 50 45 598 49 40 37 475 39 38 40
metin_farm_bot/classifier/positive_2023_19_3_01/1679228659.jpg 5 557 291 59 74 816 301 58 63 1087 110 23 33 493 98 44 42 320 89 45 53
metin_farm_bot/classifier/positive_2023_19_3_01/1679228662.jpg 2 578 241 70 66 393 221 57 62
metin_farm_bot/classifier/positive_2023_19_3_01/1679228665.jpg 2 287 247 37 42 90 679 118 101
metin_farm_bot/classifier/positive_2023_19_3_01/1679228670.jpg 1 402 606 116 128
metin_farm_bot/classifier/positive_2023_19_3_01/1679228672.jpg 1 122 471 91 101
metin_farm_bot/classifier/positive_2023_19_3_01/1679228694.jpg 2 460 181 36 43 1157 151 29 35
metin_farm_bot/classifier/positive_2023_19_3_01/1679228698.jpg 3 644 215 35 41 413 123 36 50 937 139 40 43
metin_farm_bot/classifier/positive_2023_19_3_01/1679228701.jpg 6 460 545 112 141 464 208 43 52 182 211 52 53 167 163 34 41 1024 145 35 43 1078 222 54 58
metin_farm_bot/classifier/positive_2023_19_3_01/1679228705.jpg 7 585 188 37 44 56 401 63 73 686 125 23 34 1004 167 23 31 1046 226 52 68 1435 633 91 140 1 179 20 33
metin_farm_bot/classifier/positive_2023_19_3_01/1679228708.jpg 6 376 233 42 54 201 390 68 71 131 122 39 41 678 168 32 33 850 258 37 45 1309 560 115 160
metin_farm_bot/classifier/positive_2023_19_3_01/1679228712.jpg 5 246 397 81 91 105 163 52 51 168 122 30 35 501 136 49 52 1230 358 53 59
metin_farm_bot/classifier/positive_2023_19_3_01/1679228715.jpg 2 442 278 78 83 102 171 31 38
metin_farm_bot/classifier/positive_2023_19_3_01/1679228727.jpg 6 737 284 55 55 392 207 32 34 597 152 31 36 987 199 28 40 1046 234 41 45 1095 166 23 32
metin_farm_bot/classifier/positive_2023_19_3_01/1679228729.jpg 5 566 301 36 42 918 282 37 40 1032 449 80 95 1151 335 43 53 1318 380 54 58
metin_farm_bot/classifier/positive_2023_19_3_01/1679228732.jpg 6 461 300 42 53 848 494 120 150 753 244 31 46 882 242 26 43 1094 281 25 32 1281 309 43 58
metin_farm_bot/classifier/positive_2023_19_3_01/1679228736.jpg 9 801 364 51 63 883 266 35 43 752 257 38 41 680 199 29 27 587 194 27 28 109 550 86 92 129 238 29 35 1411 343 37 38 1432 382 51 52
metin_farm_bot/classifier/positive_2023_19_3_01/1679228741.jpg 4 523 261 55 56 756 147 26 33 1290 182 45 57 1480 195 47 53
metin_farm_bot/classifier/positive_2023_19_3_01/1679228745.jpg 2 125 503 127 122 751 163 33 43
metin_farm_bot/classifier/positive_2023_19_3_01/1679228747.jpg 1 738 212 47 53
metin_farm_bot/classifier/positive_2023_19_3_01/1679228749.jpg 1 526 353 62 93
metin_farm_bot/classifier/positive_2023_19_3_01/1679228752.jpg 1 409 203 34 42
metin_farm_bot/classifier/positive_2023_19_3_01/1679228757.jpg 1 255 355 55 64
metin_farm_bot/classifier/positive_2023_19_3_01/1679228759.jpg 1 757 358 71 73
metin_farm_bot/classifier/positive_2023_19_3_01/1679228763.jpg 1 969 592 124 120
metin_farm_bot/classifier/positive_2023_19_3_01/1679228773.jpg 1 746 114 48 46
metin_farm_bot/classifier/positive_2023_19_3_01/1679228787.jpg 9 362 298 48 57 271 147 46 48 441 138 26 38 563 142 39 46 729 105 27 36 838 76 27 30 1059 81 27 32 1117 112 27 33 1011 176 35 42
metin_farm_bot/classifier/positive_2023_19_3_01/1679228790.jpg 4 441 583 96 97 370 225 40 53 219 179 37 49 27 176 40 39
metin_farm_bot/classifier/positive_2023_19_3_01/1679228798.jpg 4 207 298 61 72 18 181 48 53 346 162 44 45 404 194 37 49
metin_farm_bot/classifier/positive_2023_19_3_01/1679228807.jpg 2 610 479 84 88 3 570 83 85
metin_farm_bot/classifier/positive_2023_19_3_01/1679228809.jpg 2 809 422 74 91 232 527 120 97
metin_farm_bot/classifier/positive_2023_19_3_01/1679228816.jpg 9 506 584 160 149 340 406 66 94 567 323 54 58 886 282 41 43 1160 322 46 47 1287 352 61 71 1318 309 50 58 1372 293 40 57 1454 278 35 46
metin_farm_bot/classifier/positive_2023_19_3_01/1679228820.jpg 2 179 498 96 97 980 397 72 89
metin_farm_bot/classifier/positive_2023_19_3_01/1679228840.jpg 1 734 220 43 39
metin_farm_bot/classifier/positive_2023_19_3_01/1679228843.jpg 2 217 328 57 56 1179 176 39 45
metin_farm_bot/classifier/positive_2023_19_3_01/1679228848.jpg 1 975 297 80 75
metin_farm_bot/classifier/positive_2023_19_3_01/1679228859.jpg 1 1048 214 33 32
metin_farm_bot/classifier/positive_2023_19_3_01/1679228865.jpg 1 157 365 75 95
metin_farm_bot/classifier/positive_2023_19_3_01/1679228886.jpg 7 459 401 73 73 196 266 48 61 785 303 47 62 814 212 32 40 1029 313 43 60 1231 293 35 57 1404 701 116 84
metin_farm_bot/classifier/positive_2023_19_3_01/1679228890.jpg 4 726 504 78 104 793 363 56 81 836 230 42 58 1254 284 52 62
metin_farm_bot/classifier/positive_2023_19_3_01/1679228892.jpg 3 758 279 49 60 582 565 94 117 1314 376 59 73
metin_farm_bot/classifier/positive_2023_19_3_01/1679228893.jpg 3 727 427 91 80 1217 298 51 58 1505 246 21 52
metin_farm_bot/classifier/positive_2023_19_3_01/1679228896.jpg 3 1241 325 47 47 996 218 41 44 903 155 34 43
metin_farm_bot/classifier/positive_2023_19_3_01/1679228901.jpg 2 1268 208 53 51 1184 91 48 44
metin_farm_bot/classifier/positive_2023_19_3_01/1679228925.jpg 3 760 272 51 57 382 169 24 37 887 171 25 33
metin_farm_bot/classifier/positive_2023_19_3_01/1679228928.jpg 3 815 417 70 96 931 198 33 44 316 193 30 43
metin_farm_bot/classifier/positive_2023_19_3_01/1679228931.jpg 2 103 233 52 56 1049 244 42 52
metin_farm_bot/classifier/positive_2023_19_3_01/1679228933.jpg 1 868 262 49 59
metin_farm_bot/classifier/positive_2023_19_3_01/1679228935.jpg 1 724 548 89 101
metin_farm_bot/classifier/positive_2023_19_3_01/1679228948.jpg 1 346 206 24 33
metin_farm_bot/classifier/positive_2023_19_3_01/1679228962.jpg 1 295 286 44 47
metin_farm_bot/classifier/positive_2023_19_3_01/1679228965.jpg 2 152 425 77 89 696 271 25 32
metin_farm_bot/classifier/positive_2023_19_3_01/1679228970.jpg 1 843 316 48 62
metin_farm_bot/classifier/positive_2023_19_3_01/1679228974.jpg 1 569 386 53 69
metin_farm_bot/classifier/positive_2023_19_3_01/1679229005.jpg 1 510 243 41 48
metin_farm_bot/classifier/positive_2023_19_3_01/1679229009.jpg 2 574 456 77 80 787 60 37 42
metin_farm_bot/classifier/positive_2023_19_3_01/1679229013.jpg 1 1052 271 53 62
metin_farm_bot/classifier/positive_2023_19_3_01/1679229024.jpg 1 992 260 46 54
metin_farm_bot/classifier/positive_2023_19_3_01/1679229034.jpg 1 580 143 35 43
metin_farm_bot/classifier/positive_2023_19_3_01/1679229037.jpg 1 455 363 49 63
metin_farm_bot/classifier/positive_2023_19_3_01/1679229045.jpg 1 557 215 37 43
metin_farm_bot/classifier/positive_2023_19_3_01/1679229053.jpg 1 540 457 87 102
metin_farm_bot/classifier/positive_2023_19_3_01/1679229070.jpg 5 541 379 66 86 134 464 76 97 126 270 41 50 1058 283 47 60 1445 433 78 91
metin_farm_bot/classifier/positive_2023_19_3_01/1679229073.jpg 3 70 486 81 98 596 453 65 98 438 285 48 45
metin_farm_bot/classifier/positive_2023_19_3_01/1679229074.jpg 1 448 341 47 63
metin_farm_bot/classifier/positive_2023_19_3_01/1679229080.jpg 6 252 361 58 73 383 607 81 123 182 265 43 56 521 207 35 41 740 222 36 44 1042 298 54 63
metin_farm_bot/classifier/positive_2023_19_3_01/1679229082.jpg 5 86 538 95 125 218 304 65 69 679 216 47 53 946 271 48 63 1389 555 81 119
metin_farm_bot/classifier/positive_2023_19_3_01/1679229083.jpg 5 380 239 49 59 212 193 44 57 65 126 36 44 829 298 55 75 802 526 85 96
metin_farm_bot/classifier/positive_2023_19_3_01/1679229085.jpg 6 153 158 39 45 445 295 50 62 460 171 39 46 489 123 42 41 398 87 27 32 574 76 30 30
metin_farm_bot/classifier/positive_2023_19_3_01/1679229087.jpg 9 195 363 51 66 268 158 39 38 120 120 38 39 217 92 28 36 236 66 32 38 472 199 44 56 589 150 40 42 574 99 41 39 767 95 32 40
metin_farm_bot/classifier/positive_2023_19_3_01/1679229093.jpg 4 135 218 36 45 448 225 45 43 476 433 57 64 947 391 64 60
metin_farm_bot/classifier/positive_2023_19_3_01/1679229095.jpg 1 506 369 62 69
metin_farm_bot/classifier/positive_2023_19_3_01/1679229107.jpg 3 349 599 82 106 567 215 38 42 163 175 38 39
metin_farm_bot/classifier/positive_2023_19_3_01/1679229109.jpg 4 680 260 50 42 381 141 35 51 184 123 33 43 49 261 42 59
metin_farm_bot/classifier/positive_2023_19_3_01/1679229111.jpg 5 912 368 65 69 481 210 35 49 251 177 38 41 38 181 36 42 49 348 53 79
metin_farm_bot/classifier/positive_2023_19_3_01/1679229114.jpg 4 49 568 91 130 144 266 46 52 472 257 41 49 914 301 63 71
metin_farm_bot/classifier/positive_2023_19_3_01/1679229117.jpg 5 228 497 54 75 462 277 44 54 763 255 53 56 965 608 88 134 1304 302 45 60
metin_farm_bot/classifier/positive_2023_19_3_01/1679229118.jpg 6 285 530 93 98 521 359 48 65 624 223 31 46 873 214 41 47 1074 428 75 87 1327 243 51 57
metin_farm_bot/classifier/positive_2023_19_3_01/1679229575.jpg 1 1175 199 32 40
metin_farm_bot/classifier/positive_2023_19_3_01/1679229581.jpg 1 1046 351 62 79
metin_farm_bot/classifier/positive_2023_19_3_01/1679229582.jpg 1 1357 575 111 129
metin_farm_bot/classifier/positive_2023_19_3_01/1679229590.jpg 1 146 73 56 64
metin_farm_bot/classifier/positive_2023_19_3_01/1679229618.jpg 3 454 284 76 76 485 145 50 56 348 113 46 51
metin_farm_bot/classifier/positive_2023_19_3_01/1679229620.jpg 2 129 309 59 61 312 703 98 100
metin_farm_bot/classifier/positive_2023_19_3_01/1679229629.jpg 4 393 154 50 71 723 94 43 60 635 0 31 36 336 0 38 27
metin_farm_bot/classifier/positive_2023_19_3_01/1679229631.jpg 6 466 258 72 93 181 81 58 64 816 5 40 50 1134 84 40 70 973 306 77 89 1219 21 45 65
metin_farm_bot/classifier/positive_2023_19_3_01/1679229635.jpg 3 198 291 81 83 908 96 55 53 1308 280 70 76
metin_farm_bot/classifier/positive_2023_19_3_01/1679229638.jpg 4 178 165 42 65 1163 382 86 105 1376 113 52 71 917 664 110 126
metin_farm_bot/classifier/positive_2023_19_3_01/1679229641.jpg 2 847 217 56 66 1482 416 45 80
metin_farm_bot/classifier/positive_2023_19_3_01/1679229643.jpg 3 273 484 84 88 859 288 50 61 1130 208 50 58
metin_farm_bot/classifier/positive_2023_19_3_01/1679229644.jpg 6 532 407 62 74 577 224 45 60 941 120 28 36 1086 161 31 42 1260 123 25 54 1458 494 68 98
metin_farm_bot/classifier/positive_2023_19_3_01/1679229646.jpg 3 553 293 45 64 1332 271 52 57 1394 382 70 84
metin_farm_bot/classifier/positive_2023_19_3_01/1679229647.jpg 3 196 374 65 84 1346 411 72 84 1260 619 121 128
metin_farm_bot/classifier/positive_2023_19_3_01/1679229649.jpg 1 1087 446 60 76
metin_farm_bot/classifier/positive_2023_19_3_01/1679229651.jpg 3 1357 496 78 87 1425 373 54 71 1392 254 52 51
metin_farm_bot/classifier/positive_2023_19_3_01/1679229676.jpg 1 1014 230 43 51
metin_farm_bot/classifier/positive_2023_19_3_01/1679229678.jpg 1 1319 366 49 66
metin_farm_bot/classifier/positive_2023_19_3_01/1679229697.jpg 6 735 212 29 37 969 200 24 35 915 172 28 27 1106 198 23 29 1170 172 22 32 630 188 27 40
metin_farm_bot/classifier/positive_2023_19_3_01/1679229699.jpg 6 999 263 44 51 902 207 36 44 986 154 32 37 1396 166 28 37 1407 206 35 46 1450 274 47 68
metin_farm_bot/classifier/positive_2023_19_3_01/1679229702.jpg 3 890 474 63 78 953 310 51 63 1242 226 37 47
metin_farm_bot/classifier/positive_2023_19_3_01/1679229704.jpg 7 663 318 52 55 805 589 92 115 820 191 28 36 1197 255 43 56 1309 239 34 45 1308 211 37 39 1464 336 63 76
metin_farm_bot/classifier/positive_2023_19_3_01/1679229707.jpg 1 1318 339 49 69
metin_farm_bot/classifier/positive_2023_19_3_01/1679229709.jpg 1 1339 514 92 103
metin_farm_bot/classifier/positive_2023_19_3_01/1679229721.jpg 1 823 158 45 37
metin_farm_bot/classifier/positive_2023_19_3_01/1679229725.jpg 1 832 239 40 53
metin_farm_bot/classifier/positive_2023_19_3_01/1679229727.jpg 1 714 530 65 102
metin_farm_bot/classifier/positive_2023_19_3_01/1679229730.jpg 1 1124 213 30 43
metin_farm_bot/classifier/positive_2023_19_3_01/1679229733.jpg 1 1295 272 42 43
metin_farm_bot/classifier/positive_2023_19_3_01/1679229737.jpg 3 1071 415 74 78 1045 90 30 36 954 80 31 37
metin_farm_bot/classifier/positive_2023_19_3_01/1679229741.jpg 4 1253 341 66 75 1128 270 54 58 1447 264 45 48 839 142 33 42
metin_farm_bot/classifier/positive_2023_19_3_01/1679229744.jpg 5 457 182 46 54 1010 173 23 36 1371 189 30 37 1383 331 51 64 1052 620 89 107
metin_farm_bot/classifier/positive_2023_19_3_01/1679229747.jpg 2 264 213 66 74 1281 313 42 52
metin_farm_bot/classifier/positive_2023_19_3_01/1679229751.jpg 1 1005 648 76 121
metin_farm_bot/classifier/positive_2023_19_3_01/1679229778.jpg 1 470 251 41 51
metin_farm_bot/classifier/positive_2023_19_3_01/1679229781.jpg 1 817 301 47 48
metin_farm_bot/classifier/positive_2023_19_3_01/1679229787.jpg 2 699 99 19 26 1068 121 30 37
metin_farm_bot/classifier/positive_2023_19_3_01/1679229789.jpg 2 810 43 28 36 1319 113 41 45
metin_farm_bot/classifier/positive_2023_19_3_01/1679229794.jpg 7 567 316 43 56 673 180 27 42 846 170 23 34 1006 294 38 51 1345 199 33 41 1486 613 41 82 107 289 40 47
metin_farm_bot/classifier/positive_2023_19_3_01/1679229796.jpg 4 318 332 69 67 609 206 35 49 1100 189 29 40 1154 246 45 65
metin_farm_bot/classifier/positive_2023_19_3_01/1679229799.jpg 3 460 345 73 92 549 241 35 53 1067 411 74 93
metin_farm_bot/classifier/positive_2023_19_3_01/1679229802.jpg 2 674 316 50 75 36 260 37 63
metin_farm_bot/classifier/positive_2023_19_3_01/1679229804.jpg 2 314 385 43 78 587 190 35 45
metin_farm_bot/classifier/positive_2023_19_3_01/1679229859.jpg 1 817 291 42 46
metin_farm_bot/classifier/positive_2023_19_3_01/1679229864.jpg 1 621 657 82 114
metin_farm_bot/classifier/positive_2023_19_3_01/1679229871.jpg 1 554 204 28 39
metin_farm_bot/classifier/positive_2023_19_3_01/1679229873.jpg 1 276 342 31 45
metin_farm_bot/classifier/positive_2023_19_3_01/1679229875.jpg 2 431 411 64 110 226 244 20 36
metin_farm_bot/classifier/positive_2023_19_3_01/1679229876.jpg 1 1283 373 58 73
metin_farm_bot/classifier/positive_2023_19_3_01/1679229878.jpg 2 278 240 38 44 1319 219 56 55
metin_farm_bot/classifier/positive_2023_19_3_01/1679229880.jpg 1 849 334 43 53
metin_farm_bot/classifier/positive_2023_19_3_01/1679229883.jpg 1 395 248 34 52
metin_farm_bot/classifier/positive_2023_19_3_01/1679229897.jpg 1 267 209 34 37
metin_farm_bot/classifier/positive_2023_19_3_01/1679229898.jpg 1 201 266 39 47
metin_farm_bot/classifier/positive_2023_19_3_01/1679229900.jpg 1 802 189 35 45
metin_farm_bot/classifier/positive_2023_19_3_01/1679229922.jpg 1 1082 377 37 49
metin_farm_bot/classifier/positive_2023_19_3_01/1679229924.jpg 1 829 477 62 74
metin_farm_bot/classifier/positive_2023_19_3_01/1679229932.jpg 2 829 163 22 34 953 189 27 33
metin_farm_bot/classifier/positive_2023_19_3_01/1679229935.jpg 5 683 195 31 35 237 243 49 52 425 115 33 39 347 92 33 37 361 62 25 34
metin_farm_bot/classifier/positive_2023_19_3_01/1679229938.jpg 4 508 223 35 47 51 347 42 56 28 208 30 43 610 453 60 77
metin_farm_bot/classifier/positive_2023_19_3_01/1679229940.jpg 2 620 285 42 46 125 242 34 43
metin_farm_bot/classifier/positive_2023_19_3_01/1679229943.jpg 3 591 248 38 54 862 604 97 129 233 200 35 43
metin_farm_bot/classifier/positive_2023_19_3_01/1679229946.jpg 2 588 472 60 95 422 231 42 56
metin_farm_bot/classifier/positive_2023_19_3_01/1679229951.jpg 6 652 289 59 71 345 474 71 94 377 188 48 51 313 140 36 41 284 76 33 39 90 113 40 43
metin_farm_bot/classifier/positive_2023_19_3_01/1679229954.jpg 2 325 396 84 91 839 367 67 88
metin_farm_bot/classifier/positive_2023_19_3_01/1679229957.jpg 1 952 428 65 76
metin_farm_bot/classifier/positive_2023_19_3_01/1679229987.jpg 1 918 32 27 38
metin_farm_bot/classifier/positive_2023_19_3_01/1679229992.jpg 1 488 189 54 61
metin_farm_bot/classifier/positive_2023_19_3_01/1679229998.jpg 1 135 175 29 32
metin_farm_bot/classifier/positive_2023_19_3_01/1679230007.jpg 1 879 142 33 42
metin_farm_bot/classifier/positive_2023_19_3_01/1679230009.jpg 5 874 283 46 57 894 177 30 35 638 122 16 28 141 182 32 33 1272 174 25 35
metin_farm_bot/classifier/positive_2023_19_3_01/1679230012.jpg 6 611 248 38 51 327 121 29 38 509 72 17 29 857 138 25 33 1112 167 23 33 1179 255 30 34
metin_farm_bot/classifier/positive_2023_19_3_01/1679230017.jpg 7 549 243 53 53 585 171 29 39 482 166 22 29 27 191 42 48 95 171 31 35 1083 505 107 127 1407 230 22 35
metin_farm_bot/classifier/positive_2023_19_3_01/1679230020.jpg 3 510 450 73 80 944 54 42 56 143 54 55 57
metin_farm_bot/classifier/positive_2023_19_3_01/1679230023.jpg 6 479 191 42 55 684 338 59 69 964 72 37 43 1125 98 30 34 1163 63 28 33 1217 253 63 63
metin_farm_bot/classifier/positive_2023_19_3_01/1679230025.jpg 2 273 120 55 47 726 283 63 75
metin_farm_bot/classifier/positive_2023_19_3_01/1679230027.jpg 2 1175 255 54 61 1370 223 35 47
metin_farm_bot/classifier/positive_2023_19_3_01/1679230029.jpg 2 1051 417 57 68 1380 308 40 56
metin_farm_bot/classifier/positive_2023_19_3_01/1679230031.jpg 2 839 424 111 144 1098 364 56 61
metin_farm_bot/classifier/positive_2023_19_3_01/1679230033.jpg 5 402 386 71 83 822 261 37 48 1046 294 42 70 1243 319 75 87 1309 268 40 50
metin_farm_bot/classifier/positive_2023_19_3_01/1679230036.jpg 5 4 608 70 90 1044 154 27 42 1228 164 32 45 1254 255 66 73 1250 701 94 100
metin_farm_bot/classifier/positive_2023_19_3_01/1679230038.jpg 4 800 253 45 66 1031 240 49 61 1244 165 30 36 1230 583 121 138
metin_farm_bot/classifier/positive_2023_19_3_01/1679230041.jpg 3 581 468 105 123 949 218 44 59 1149 457 81 107
metin_farm_bot/classifier/positive_2023_19_3_01/1679230043.jpg 2 403 379 46 61 1148 276 55 64
metin_farm_bot/classifier/positive_2023_19_3_01/1679230046.jpg 1 937 365 81 109
metin_farm_bot/classifier/positive_2023_19_3_01/1679230048.jpg 1 1091 243 52 68
metin_farm_bot/classifier/positive_2023_19_3_01/1679230056.jpg 2 1068 271 54 74 779 65 37 44
metin_farm_bot/classifier/positive_2023_19_3_01/1679230060.jpg 4 426 362 74 88 733 128 30 36 1266 130 23 35 1396 278 53 63
metin_farm_bot/classifier/positive_2023_19_3_01/1679230062.jpg 1 299 317 76 96
metin_farm_bot/classifier/positive_2023_19_3_01/1679230065.jpg 1 1195 220 41 57
metin_farm_bot/classifier/positive_2023_19_3_01/1679230067.jpg 2 633 426 122 160 79 312 38 50
metin_farm_bot/classifier/positive_2023_19_3_01/1679230070.jpg 2 337 394 64 97 67 319 44 56
metin_farm_bot/classifier/positive_2023_19_3_01/1679230073.jpg 1 670 87 29 39
metin_farm_bot/classifier/positive_2023_19_3_01/1679230076.jpg 1 1416 300 52 64
metin_farm_bot/classifier/positive_2023_19_3_01/1679230104.jpg 2 642 279 60 82 851 161 49 64
metin_farm_bot/classifier/positive_2023_19_3_01/1679230106.jpg 5 581 410 77 89 668 141 46 54 786 132 42 49 1031 73 32 45 1177 55 26 44
metin_farm_bot/classifier/positive_2023_19_3_01/1679230108.jpg 3 1101 290 68 95 1347 354 69 90 27 445 68 97
metin_farm_bot/classifier/positive_2023_19_3_01/1679230109.jpg 3 798 370 74 96 1065 373 74 87 913 119 39 59
metin_farm_bot/classifier/positive_2023_19_3_01/1679230112.jpg 4 938 473 86 121 708 630 134 159 995 250 42 67 1094 208 36 51
metin_farm_bot/classifier/positive_2023_19_3_01/1679230113.jpg 5 432 337 60 75 464 244 36 58 965 166 31 49 1191 256 49 57 1472 211 53 62
metin_farm_bot/classifier/positive_2023_19_3_01/1679230114.jpg 3 334 116 36 54 874 220 59 72 866 107 39 46
metin_farm_bot/classifier/positive_2023_19_3_01/1679230116.jpg 2 17 158 64 92 731 156 47 83
metin_farm_bot/classifier/positive_2023_19_3_01/1679230117.jpg 11 188 264 59 68 322 128 35 46 255 100 34 38 415 91 23 32 631 70 21 27 688 84 30 27 791 205 46 52 821 417 92 125 1012 93 21 38 1036 101 29 42 1324 161 51 60
metin_farm_bot/classifier/positive_2023_19_3_01/1679230119.jpg 2 1112 329 66 86 1126 198 36 62
metin_farm_bot/classifier/positive_2023_19_3_01/1679230121.jpg 2 581 293 62 82 1189 194 53 55
metin_farm_bot/classifier/positive_2023_19_3_01/1679230123.jpg 1 1037 272 64 70
metin_farm_bot/classifier/positive_2023_19_3_01/1679230124.jpg 1 621 478 138 140
metin_farm_bot/classifier/positive_2023_19_3_01/1679230147.jpg 1 274 181 30 41
metin_farm_bot/classifier/positive_2023_19_3_01/1679230162.jpg 1 452 258 40 53
metin_farm_bot/classifier/positive_2023_19_3_01/1679230168.jpg 1 924 172 37 42
metin_farm_bot/classifier/positive_2023_19_3_01/1679230171.jpg 1 1024 340 42 66
metin_farm_bot/classifier/positive_2023_19_3_01/1679230173.jpg 1 859 362 65 74
metin_farm_bot/classifier/positive_2023_19_3_01/1679230175.jpg 1 700 471 131 183
metin_farm_bot/classifier/positive_2023_19_3_01/1679230179.jpg 1 1211 172 35 48
metin_farm_bot/classifier/positive_2023_19_3_01/1679230181.jpg 4 1040 215 46 51 900 133 32 45 1023 98 32 41 1254 158 36 53
metin_farm_bot/classifier/positive_2023_19_3_01/1679230183.jpg 5 531 169 42 51 646 129 29 43 904 262 38 63 974 184 42 53 1351 134 33 40
metin_farm_bot/classifier/positive_2023_19_3_01/1679230186.jpg 7 122 229 70 75 309 122 51 58 306 25 27 39 961 215 68 91 1253 83 34 44 1173 42 31 37 1270 592 99 139
metin_farm_bot/classifier/positive_2023_19_3_01/1679230190.jpg 4 836 402 105 123 702 130 37 49 426 121 33 40 1133 157 45 63
metin_farm_bot/classifier/positive_2023_19_3_01/1679230194.jpg 6 425 184 40 44 448 250 61 75 519 595 95 174 977 151 49 49 1479 170 39 50 1390 123 37 40
metin_farm_bot/classifier/positive_2023_19_3_01/1679230196.jpg 4 157 345 77 102 587 208 35 47 1341 228 46 66 1298 191 43 48
metin_farm_bot/classifier/positive_2023_19_3_01/1679230198.jpg 3 70 408 70 90 1008 336 43 55 1215 405 61 76
metin_farm_bot/classifier/positive_2023_19_3_01/1679230200.jpg 3 362 398 66 97 1270 262 41 60 1338 532 102 152
metin_farm_bot/classifier/positive_2023_19_3_01/1679230202.jpg 2 1035 302 53 77 1251 266 44 56
metin_farm_bot/classifier/positive_2023_19_3_01/1679230205.jpg 2 504 484 112 174 1075 305 64 87
metin_farm_bot/classifier/positive_2023_19_3_01/1679230206.jpg 1 865 371 68 113
metin_farm_bot/classifier/positive_2023_19_3_01/1679230208.jpg 2 1028 233 36 45 1197 319 56 68
metin_farm_bot/classifier/positive_2023_19_3_01/1679230211.jpg 2 496 255 56 61 879 438 103 140
metin_farm_bot/classifier/positive_2023_19_3_01/1679230213.jpg 2 679 206 46 55 1247 273 32 49
metin_farm_bot/classifier/positive_2023_19_3_01/1679230215.jpg 5 259 266 81 103 490 230 45 62 992 166 38 38 1201 269 48 70 1381 217 33 44
metin_farm_bot/classifier/positive_2023_19_3_01/1679230217.jpg 1 650 273 50 58
metin_farm_bot/classifier/positive_2023_19_3_01/1679230219.jpg 4 227 213 31 40 1022 280 58 85 1189 260 40 53 1325 267 27 39
metin_farm_bot/classifier/positive_2023_19_3_01/1679230222.jpg 4 62 364 77 90 469 353 66 66 477 109 46 48 893 138 40 46
metin_farm_bot/classifier/positive_2023_19_3_01/1679230224.jpg 3 158 322 64 64 1139 325 46 46 1329 263 47 58
metin_farm_bot/classifier/positive_2023_19_3_01/1679230228.jpg 2 250 293 97 103 904 261 65 72
metin_farm_bot/classifier/positive_2023_19_3_01/1679230231.jpg 2 514 235 70 88 1013 145 43 51
metin_farm_bot/classifier/positive_2023_19_3_01/1679230233.jpg 1 1076 171 74 82
metin_farm_bot/classifier/positive_2023_19_3_01/1679230257.jpg 1 1048 155 37 47
metin_farm_bot/classifier/positive_2023_19_3_01/1679230260.jpg 1 955 369 78 100
metin_farm_bot/classifier/positive_2023_19_3_01/1679230285.jpg 1 691 292 42 49
metin_farm_bot/classifier/positive_2023_19_3_01/1679230311.jpg 1 1170 279 47 57
metin_farm_bot/classifier/positive_2023_19_3_01/1679230320.jpg 1 227 489 121 165
metin_farm_bot/classifier/positive_2023_19_3_01/1679230336.jpg 1 1175 167 28 41
metin_farm_bot/classifier/positive_2023_19_3_01/1679230338.jpg 1 1193 177 36 46
metin_farm_bot/classifier/positive_2023_19_3_01/1679230341.jpg 1 1259 359 79 109
metin_farm_bot/classifier/positive_2023_19_3_01/1679230354.jpg 5 197 239 71 100 439 174 41 64 683 179 43 61 1186 168 43 51 1253 204 62 79
metin_farm_bot/classifier/positive_2023_19_3_01/1679230358.jpg 3 210 264 70 89 577 269 82 92 1379 248 96 99
metin_farm_bot/classifier/positive_2023_19_3_01/1679230359.jpg 2 1087 623 118 172 1061 191 58 81
metin_farm_bot/classifier/positive_2023_19_3_01/1679230361.jpg 1 897 362 96 101
metin_farm_bot/classifier/positive_2023_19_3_01/1679230365.jpg 1 1074 146 38 44
metin_farm_bot/classifier/positive_2023_19_3_01/1679230371.jpg 7 741 197 40 43 566 168 52 50 890 136 35 43 975 121 23 33 783 103 30 37 140 153 35 42 110 105 30 42
metin_farm_bot/classifier/positive_2023_19_3_01/1679230376.jpg 5 481 246 52 65 230 323 88 96 104 218 48 61 242 126 31 42 697 151 38 45
metin_farm_bot/classifier/positive_2023_19_3_01/1679230378.jpg 2 229 298 58 74 592 539 136 177
